X: 713.367065
Y: 222.404556
Coins: 14
