X: 1127.921509
Y: 569.251465
Coins: 20
